2.11421911   4.33027934    0.000006649003
2.22843823   4.41459759    0.000006778472
2.31904061   4.39035643    0.000006741250
2.55022697   4.49999940    0.000006909604
2.72072690   5.03305326    0.000007728094
2.86810821   5.52868825    0.000008489129
3.09929457   5.93641226    0.000009115179
3.27268433   6.35608836    0.000009759582
3.44607410   7.00191090    0.000010751227
3.61946387   7.41204660    0.000011380982
3.79285364   8.09574016    0.000012430780
3.96624341   8.94374261    0.000013732872
4.13963317   9.41388085    0.000014454761
4.31302294   10.16582911    0.000015609365
4.48641271   11.29477783    0.000017342850
4.65980248   12.23172977    0.000018781529
4.83319225   13.51296369    0.000020748852
5.00658201   14.63392400    0.000022470079
5.17997178   16.44523165    0.000025251336
5.35336155   18.37583317    0.000028215776
5.52675132   20.07083584    0.000030818461
5.70014109   21.06584022    0.000032346297
5.87353086   21.79775276    0.000033470156
6.04692062   23.40527098    0.000035938519
6.22031039   25.85689700    0.000039703031
6.39370016   28.16169217    0.000043242094
6.56708993   30.49782952    0.000046829295
6.74047970   33.59661991    0.000051587588
6.91386946   36.59130745    0.000056186048
7.08725923   39.96652116    0.000061368843
7.26064900   42.30755311    0.000064963620
7.43403877   46.34174743    0.000071158364
7.60742854   50.90529770    0.000078166008
7.78081830   56.23746208    0.000086353969
7.95420807   62.66090735    0.000096217760
8.12759784   68.63587536    0.000105392953
8.30098761   76.25811481    0.000117097818
8.47437738   83.52963092    0.000128264222
8.64157465   89.54393663    0.000137500096
8.82115691   98.52197050    0.000151287367
8.99454668   106.69480521    0.000163838272
9.16793645   116.86858142    0.000179462198
9.28352963   123.71413801    0.000189975084
9.37529138   131.50067231    0.000201933177
9.45687646   144.81182277    0.000222375948
9.57540240   149.02489965    0.000228846315
9.70163170   165.74120262    0.000254519292
9.81814808   178.03278352    0.000273397147
9.98740952   211.85469116    0.000325343751
10.15208393   236.95024123    0.000363889269
10.33043603   260.44134483    0.000399971677
10.49725801   286.45892551    0.000439936161
10.66407998   315.72847635    0.000484897614
10.83746975   345.47670472    0.000530596280
11.02224369   389.54603487    0.000598298288
11.19081708   429.12660605    0.000659107987
11.36420685   476.78252547    0.000732328785
11.41491841   547.89011796    0.000841591019
11.53759661   549.69809547    0.000844369258
11.71098638   625.69946494    0.000961163610
11.77389277   703.99761733    0.001081500661
11.88437615   741.16077648    0.001138621683
12.05776592   867.99007538    0.001333585200
12.16550117   977.12415353    0.001501375439
12.23115569   1009.31539179    0.001550873416
12.33229972   1019.42004600    0.001566411027
12.41111325   1230.08272873    0.001890391091
12.57793522   1394.18933096    0.002142839139
12.67907925   1410.15245291    0.002167398620
12.75789279   1636.78489592    0.002516135681
12.85246902   1616.58227857    0.002485043786
12.93128255   1896.89340214    0.002916523081
13.09810453   2182.75025696    0.003356715515
13.17715618   2513.82481128    0.003866762063
13.26492650   2543.73189766    0.003912848098
13.37296037   3048.50633729    0.004690987543
13.42754509   3189.87196882    0.004909010967
13.59594333   3802.72967121    0.005854707281
13.65034965   4150.40475785    0.006391568632
13.72423425   4659.02714530    0.007177434779
13.88492628   5755.90166659    0.008874140551
14.02941775   7120.03465573    0.010987962395
14.15551940   8876.09559888    0.013715177637
14.22144522   9884.95904663    0.015285076656
14.28671329   11533.90976521    0.017855916910
14.36829837   12220.87149860    0.018928741644
14.45150799   13857.96308706    0.021489660835
14.57191756   17368.60849187    0.027001850075
14.72297682   21371.40018599    0.033321110986
14.87534965   27395.00742087    0.042900523651
14.98805300   33566.87522588    0.052804175558
15.12755295   40703.90716829    0.064370351922
15.24139472   51249.66121651    0.081689411429
15.38763760   59671.22988929    0.095721147317
15.42890443   74881.03857590    0.121532067368
15.46153846   90807.96705367    0.149234175238
